 1   1  17  69  30  99 100 101 102
 2  17  18  70  69 103 104 105 100
 3  18   2  19  70 106 107 108 104
 4  30  69  71  29 101 109 110 111
 5  69  70  72  71 105 112 113 109
 6  70  19  20  72 108 114 115 112
 7  29  71  73  28 110 116 117 118
 8  71  72  74  73 113 119 120 116
 9  72  20  21  74 115 121 122 119
10  28  73  75  27 117 123 124 125
11  73  74  76  75 120 126 127 123
12  74  21  22  76 122 128 129 126
13  27  75  77  26 124 130 131 132
14  75  76  78  77 127 133 134 130
15  76  22  23  78 129 135 136 133
16  26  77  25   4 131 137 138 139
17  77  78  24  25 134 140 141 137
18  78  23   3  24 136 142 143 140
19   5  31  79  42 144 145 146 147
20  31   6  32  79 148 149 150 145
21  42  79  80  41 146 151 152 153
22  79  32  33  80 150 154 155 151
23  41  80  81  40 152 156 157 158
24  80  33  34  81 155 159 160 156
25  40  81  82  39 157 161 162 163
26  81  34  35  82 160 164 165 161
27  39  82  83  38 162 166 167 168
28  82  35  36  83 165 169 170 166
29  38  83  37   8 167 171 172 173
30  83  36   7  37 170 174 175 171
31   9  43  84  56 176 177 178 179
32  43  44  85  84 180 181 182 177
33  44  45  86  85 183 184 185 181
34  45  46  87  86 186 187 188 184
35  46  47  88  87 189 190 191 187
36  47  10  48  88 192 193 194 190
37  56  84  89  55 178 195 196 197
38  84  85  90  89 182 198 199 195
39  85  86  91  90 185 200 201 198
40  86  87  92  91 188 202 203 200
41  87  88  93  92 191 204 205 202
42  88  48  49  93 194 206 207 204
43  55  89  54  12 196 208 209 210
44  89  90  53  54 199 211 212 208
45  90  91  52  53 201 213 214 211
46  91  92  51  52 203 215 216 213
47  92  93  50  51 205 217 218 215
48  93  49  11  50 207 219 220 217
49  13  57  94  68 221 222 223 224
50  57  58  95  94 225 226 227 222
51  58  59  96  95 228 229 230 226
52  59  60  97  96 231 232 233 229
53  60  61  98  97 234 235 236 232
54  61  14  62  98 237 238 239 235
55  68  94  67  16 223 240 241 242
56  94  95  66  67 227 243 244 240
57  95  96  65  66 230 245 246 243
58  96  97  64  65 233 247 248 245
59  97  98  63  64 236 249 250 247
60  98  62  15  63 239 251 252 249
61   2  18  48  10 106 253 193 254
62  18  17  49  48 103 255 206 253
63  17   1  11  49  99 256 219 255
64   5  42  19   2 147 257 107 258
65  42  41  20  19 153 259 114 257
66  41  40  21  20 158 260 121 259
67  40  39  22  21 163 261 128 260
68  39  38  23  22 168 262 135 261
69  38   8   3  23 173 263 142 262
70   6  31  68  16 148 264 242 265
71  31   5  13  68 144 266 224 264
72  14  61  43   9 237 267 176 268
73  61  60  44  43 234 269 180 267
74  60  59  45  44 231 270 183 269
75  59  58  46  45 228 271 186 270
76  58  57  47  46 225 272 189 271
77  57  13  10  47 221 273 192 272
78  10  13   5   2 273 266 258 254