      1          21. -0.00499999989
      2 0.00499999989 -0.00499999989
      3 0.00499999989         -50.
      4          21.         -50.
      5 -0.00499999989 -0.00499999989
      6         -14. -0.00499999989
      7         -14.         -50.
      8 -0.00499999989         -50.
      9 0.00499999989          50.
     10 0.00499999989 0.00499999989
     11          21. 0.00499999989
     12          21.          50.
     13 -0.00499999989 0.00499999989
     14 -0.00499999989          50.
     15         -14.          50.
     16         -14. 0.00499999989
     17    14.001667 -0.00499999989
     18   7.00333357 -0.00499999989
     19 0.00499999989  -8.33749962
     20 0.00499999989  -16.6700001
     21 0.00499999989  -25.0025005
     22 0.00499999989  -33.3349991
     23 0.00499999989  -41.6674995
     24   7.00333357         -50.
     25    14.001667         -50.
     26          21.  -41.6674995
     27          21.  -33.3349991
     28          21.  -25.0025005
     29          21.  -16.6700001
     30          21.  -8.33749962
     31  -7.00250006 -0.00499999989
     32         -14.  -8.33749962
     33         -14.  -16.6700001
     34         -14.  -25.0025005
     35         -14.  -33.3349991
     36         -14.  -41.6674995
     37  -7.00250006         -50.
     38 -0.00499999989  -41.6674995
     39 -0.00499999989  -33.3349991
     40 -0.00499999989  -25.0025005
     41 -0.00499999989  -16.6700001
     42 -0.00499999989  -8.33749962
     43 0.00499999989   41.6674995
     44 0.00499999989   33.3349991
     45 0.00499999989   25.0025005
     46 0.00499999989   16.6700001
     47 0.00499999989   8.33749962
     48   7.00333357 0.00499999989
     49    14.001667 0.00499999989
     50          21.   8.33749962
     51          21.   16.6700001
     52          21.   25.0025005
     53          21.   33.3349991
     54          21.   41.6674995
     55    14.001667          50.
     56   7.00333357          50.
     57 -0.00499999989   8.33749962
     58 -0.00499999989   16.6700001
     59 -0.00499999989   25.0025005
     60 -0.00499999989   33.3349991
     61 -0.00499999989   41.6674995
     62  -7.00250006          50.
     63         -14.   41.6674995
     64         -14.   33.3349991
     65         -14.   25.0025005
     66         -14.   16.6700001
     67         -14.   8.33749962
     68  -7.00250006 0.00499999989
     69    14.001667  -8.33749962
     70   7.00333357  -8.33749962
     71    14.001667  -16.6700001
     72   7.00333357  -16.6700001
     73    14.001667  -25.0025005
     74   7.00333357  -25.0025005
     75    14.001667  -33.3349991
     76   7.00333357  -33.3349991
     77    14.001667  -41.6674995
     78   7.00333357  -41.6674995
     79  -7.00250006  -8.33749962
     80  -7.00250006  -16.6700001
     81  -7.00250006  -25.0025005
     82  -7.00250006  -33.3349991
     83  -7.00250006  -41.6674995
     84   7.00333357   41.6674995
     85   7.00333357   33.3349991
     86   7.00333357   25.0025005
     87   7.00333357   16.6700001
     88   7.00333357   8.33749962
     89    14.001667   41.6674995
     90    14.001667   33.3349991
     91    14.001667   25.0025005
     92    14.001667   16.6700001
     93    14.001667   8.33749962
     94  -7.00250006   8.33749962
     95  -7.00250006   16.6700001
     96  -7.00250006   25.0025005
     97  -7.00250006   33.3349991
     98  -7.00250006   41.6674995
     99   17.5008335 -0.00499999989
    100    14.001667  -4.17124987
    101   17.5008335  -8.33749962
    102          21.  -4.17124987
    103   10.5025005 -0.00499999989
    104   7.00333357  -4.17124987
    105   10.5025005  -8.33749962
    106   3.50416684 -0.00499999989
    107 0.00499999989  -4.17124987
    108   3.50416684  -8.33749962
    109    14.001667  -12.5037498
    110   17.5008335  -16.6700001
    111          21.  -12.5037498
    112   7.00333357  -12.5037498
    113   10.5025005  -16.6700001
    114 0.00499999989  -12.5037498
    115   3.50416684  -16.6700001
    116    14.001667  -20.8362503
    117   17.5008335  -25.0025005
    118          21.  -20.8362503
    119   7.00333357  -20.8362503
    120   10.5025005  -25.0025005
    121 0.00499999989  -20.8362503
    122   3.50416684  -25.0025005
    123    14.001667  -29.1687508
    124   17.5008335  -33.3349991
    125          21.  -29.1687508
    126   7.00333357  -29.1687508
    127   10.5025005  -33.3349991
    128 0.00499999989  -29.1687508
    129   3.50416684  -33.3349991
    130    14.001667  -37.5012512
    131   17.5008335  -41.6674995
    132          21.  -37.5012512
    133   7.00333357  -37.5012512
    134   10.5025005  -41.6674995
    135 0.00499999989  -37.5012512
    136   3.50416684  -41.6674995
    137    14.001667  -45.8337479
    138   17.5008335         -50.
    139          21.  -45.8337479
    140   7.00333357  -45.8337479
    141   10.5025005         -50.
    142 0.00499999989  -45.8337479
    143   3.50416684         -50.
    144  -3.50375009 -0.00499999989
    145  -7.00250006  -4.17124987
    146  -3.50375009  -8.33749962
    147 -0.00499999989  -4.17124987
    148  -10.5012503 -0.00499999989
    149         -14.  -4.17124987
    150  -10.5012503  -8.33749962
    151  -7.00250006  -12.5037498
    152  -3.50375009  -16.6700001
    153 -0.00499999989  -12.5037498
    154         -14.  -12.5037498
    155  -10.5012503  -16.6700001
    156  -7.00250006  -20.8362503
    157  -3.50375009  -25.0025005
    158 -0.00499999989  -20.8362503
    159         -14.  -20.8362503
    160  -10.5012503  -25.0025005
    161  -7.00250006  -29.1687508
    162  -3.50375009  -33.3349991
    163 -0.00499999989  -29.1687508
    164         -14.  -29.1687508
    165  -10.5012503  -33.3349991
    166  -7.00250006  -37.5012512
    167  -3.50375009  -41.6674995
    168 -0.00499999989  -37.5012512
    169         -14.  -37.5012512
    170  -10.5012503  -41.6674995
    171  -7.00250006  -45.8337479
    172  -3.50375009         -50.
    173 -0.00499999989  -45.8337479
    174         -14.  -45.8337479
    175  -10.5012503         -50.
    176 0.00499999989   45.8337479
    177   3.50416684   41.6674995
    178   7.00333357   45.8337479
    179   3.50416684          50.
    180 0.00499999989   37.5012512
    181   3.50416684   33.3349991
    182   7.00333357   37.5012512
    183 0.00499999989   29.1687508
    184   3.50416684   25.0025005
    185   7.00333357   29.1687508
    186 0.00499999989   20.8362503
    187   3.50416684   16.6700001
    188   7.00333357   20.8362503
    189 0.00499999989   12.5037498
    190   3.50416684   8.33749962
    191   7.00333357   12.5037498
    192 0.00499999989   4.17124987
    193   3.50416684 0.00499999989
    194   7.00333357   4.17124987
    195   10.5025005   41.6674995
    196    14.001667   45.8337479
    197   10.5025005          50.
    198   10.5025005   33.3349991
    199    14.001667   37.5012512
    200   10.5025005   25.0025005
    201    14.001667   29.1687508
    202   10.5025005   16.6700001
    203    14.001667   20.8362503
    204   10.5025005   8.33749962
    205    14.001667   12.5037498
    206   10.5025005 0.00499999989
    207    14.001667   4.17124987
    208   17.5008335   41.6674995
    209          21.   45.8337479
    210   17.5008335          50.
    211   17.5008335   33.3349991
    212          21.   37.5012512
    213   17.5008335   25.0025005
    214          21.   29.1687508
    215   17.5008335   16.6700001
    216          21.   20.8362503
    217   17.5008335   8.33749962
    218          21.   12.5037498
    219   17.5008335 0.00499999989
    220          21.   4.17124987
    221 -0.00499999989   4.17124987
    222  -3.50375009   8.33749962
    223  -7.00250006   4.17124987
    224  -3.50375009 0.00499999989
    225 -0.00499999989   12.5037498
    226  -3.50375009   16.6700001
    227  -7.00250006   12.5037498
    228 -0.00499999989   20.8362503
    229  -3.50375009   25.0025005
    230  -7.00250006   20.8362503
    231 -0.00499999989   29.1687508
    232  -3.50375009   33.3349991
    233  -7.00250006   29.1687508
    234 -0.00499999989   37.5012512
    235  -3.50375009   41.6674995
    236  -7.00250006   37.5012512
    237 -0.00499999989   45.8337479
    238  -3.50375009          50.
    239  -7.00250006   45.8337479
    240  -10.5012503   8.33749962
    241         -14.   4.17124987
    242  -10.5012503 0.00499999989
    243  -10.5012503   16.6700001
    244         -14.   12.5037498
    245  -10.5012503   25.0025005
    246         -14.   20.8362503
    247  -10.5012503   33.3349991
    248         -14.   29.1687508
    249  -10.5012503   41.6674995
    250         -14.   37.5012512
    251  -10.5012503          50.
    252         -14.   45.8337479
    253   7.00333357           0.
    254 0.00499999989           0.
    255    14.001667           0.
    256          21.           0.
    257           0.  -8.33749962
    258           0. -0.00499999989
    259           0.  -16.6700001
    260           0.  -25.0025005
    261           0.  -33.3349991
    262           0.  -41.6674995
    263           0.         -50.
    264  -7.00250006           0.
    265         -14.           0.
    266 -0.00499999989           0.
    267           0.   41.6674995
    268           0.          50.
    269           0.   33.3349991
    270           0.   25.0025005
    271           0.   16.6700001
    272           0.   8.33749962
    273           0. 0.00499999989